100
0 17 38 57 18 2 20 15 16 279 92 538 1073 45 56 115 6 13 11 4227 22 425 207 35 1273 6052 52 5 882 159 568 24 180 55 4313 7 30 3580 104 9 23 731 
1 3198 1572 485 1089 404 869 5367 126 199 8734 549 8 2572 1597 1679 1388 253 120 65 252 940 9 1440 2902 684 28 1468 1632 7292 27 484 37 63 9030 7 5515 19 815 5247 280 4703 164 596 14 121 290 2140 4864 2158 1290 135 7269 158 3747 72 58 4525 735 57 123 1189 5011 187 268 9356 1581 4589 62 1134 240 102 15 1287 3961 5311 21 301 30 309 3543 6628 1327 88 5 3996 398 594 178 288 2061 74 16 1498 61 3912 22 436 3021 84 7488 171 7597 13 147 3904 4291 
2 1495 3774 867 3244 2700 252 155 485 69 1434 751 3706 126 120 27 6668 8 1756 8528 303 2244 65 139 9 2741 107 2857 28 268 5659 63 3818 1604 637 184 197 8734 7 776 19 348 74 72 356 355 1522 14 524 2703 1128 703 158 484 16 45 5 11 2 15 62 38 8156 305 44 23 7218 58 161 375 1890 103 1936 5707 966 391 206 61 102 4514 1566 22 35 183 715 1260 6 7173 17 803 83 1562 5634 1114 1195 9742 193 1122 3416 164 8761 
3 13 2334 1041 5 73 18 83 30 6 86 2 98 57 459 2738 401 170 4009 475 257 119 142 20 96 24 5803 976 15 5519 256 17 304 3659 1362 364 122 42 9 3884 
4 4 3946 2670 140 2052 24 129 257 152 144 16 2413 54 173 402 6 641 102 5196 9290 891 112 210 392 862 4725 2 13 26 568 17 308 335 35 3751 5 8 
5 1958 3849 155 6698 797 869 859 1184 1263 482 621 120 8 977 27 329 566 28 9 184 253 107 915 11 41 5 178 38 245 15 23 119 37 1209 5863 20 2 16 255 387 7 21 1023 80 1688 30 4089 45 145 62 681 809 972 22 168 158 907 13 2337 2301 17 1608 3878 626 3206 60 149 1332 195 3161 4807 1399 
6 1674 7 8480 2091 2698 1651 2563 14 1913 146 5 4672 112 3970 18 2 6 1298 16 6854 19 1871 7815 11 44 739 15 35 513 17 757 187 5210 159 954 115 50 534 40 698 103 21 30 546 60 137 8739 500 2841 
7 1315 176 485 303 4371 948 355 5429 4023 725 8 27 63 184 4848 2744 290 229 681 9 28 121 107 999 9225 7 524 331 2983 102 74 1452 236 371 211 1296 131 8660 3054 332 880 139 659 650 14 252 19 382 78 329 57 224 5069 15 62 1704 1959 58 1027 1985 21 30 393 82 1762 398 7791 1207 1590 11 38 5 119 3500 2205 44 140 356 35 37 762 41 73 110 112 45 611 933 20 166 56 249 2268 288 6031 256 4266 
8 2 7 7250 4152 228 16 849 855 2226 831 9903 385 2769 118 2491 8614 110 88 5 3082 5812 41 60 216 545 6649 37 79 17 6 1783 422 1590 275 4334 4320 22 147 8 411 38 767 9 70 928 92 2908 5186 15 27 
9 6729 138 176 554 155 69 120 355 468 4390 121 5200 1881 8 410 442 2170 2955 1756 184 126 873 1554 193 899 139 290 1122 9 28 27 65 253 1510 2973 252 2700 7 665 309 6718 1312 114 19 166 2735 229 187 4421 164 14 78 7401 650 197 8034 552 158 5349 199 524 2562 145 382 330 6234 268 135 236 1388 123 4962 5621 7147 2616 6304 2820 1106 2140 432 15 7518 7878 58 4308 510 737 731 1412 715 72 62 2136 2258 5605 2079 636 37 2726 784 3024 82 88 103 1757 21 332 7876 30 240 725 869 5862 389 782 5 5641 299 2721 3569 249 1137 231 637 38 1344 516 626 2652 55 20 63 2162 1077 1790 
10 2848 5926 1737 859 3477 138 468 355 126 679 69 909 3071 356 4978 303 27 371 224 8 139 9086 624 681 850 253 372 28 243 6379 290 9 1524 199 148 1667 236 1324 193 63 120 1132 389 329 4985 309 72 583 2872 4281 7 849 9053 4430 15 4609 495 348 4317 197 957 37 152 3268 19 2950 476 513 166 7042 3395 332 131 65 123 1275 161 14 82 2533 30 21 62 482 74 114 880 7341 3066 280 4090 2088 132 663 38 277 119 339 5 7408 1155 841 626 962 5205 501 206 2417 587 1070 56 455 631 613 58 410 145 703 346 11 3768 1017 3635 655 708 
11 120 3457 303 1122 6656 2003 236 404 69 199 356 442 671 252 737 8 290 316 653 482 139 224 121 650 229 2614 3591 371 9 65 184 28 432 72 63 148 131 3239 3182 2261 7 2521 6082 19 301 37 709 542 74 14 5 21 857 1011 2205 762 35 27 159 2 84 343 123 15 11 206 746 3317 265 933 7589 54 1745 679 70 2152 1566 2231 2313 1805 6134 1360 231 313 162 82 1509 125 1353 7559 545 1480 1807 
12 1502 554 1310 138 1077 155 2371 3483 4500 7929 4977 1263 120 2177 2757 126 252 121 3379 69 1591 166 1476 176 5313 2148 8 2153 27 290 63 2612 253 1850 316 2116 224 2902 867 28 8707 2291 65 737 9 782 869 2159 184 3818 303 3887 484 243 84 624 524 20 5 119 1019 22 35 204 55 2 23 1327 118 267 14 189 382 390 6 1226 72 3635 335 4336 139 7593 1001 7 162 17 13 62 175 16 11 751 3295 78 3623 417 1973 79 60 123 19 135 4881 
13 172 129 597 1948 1156 83 1042 2049 245 4 21 52 32 2 44 1438 50 244 3096 3572 358 414 17 12 6480 6558 1407 110 0 5 261 1801 
14 708 9559 1384 355 404 69 4594 138 6979 948 3398 148 121 5721 8 253 1131 27 2433 410 65 9 1324 659 28 249 107 371 3046 102 14 7155 3759 7 1524 19 1001 316 15 1558 734 112 992 117 123 8168 7147 653 4801 1799 4188 166 98 1278 2 5222 1477 51 4 1748 450 13 84 6087 56 24 5 2300 31 35 7676 6281 545 4493 44 3410 63 
15 138 2818 5482 468 1597 1766 126 2003 968 4288 6459 4148 329 6222 8 7151 120 69 1679 3774 166 63 5429 9572 199 9365 9 979 280 145 1270 3378 224 686 157 27 1735 301 21 152 331 78 8819 65 6837 5720 28 19 131 62 901 343 14 3692 3179 7 824 2171 119 1754 500 23 5 11 15 84 1692 1161 542 57 206 35 2430 212 1903 20 112 3198 984 1183 8149 125 1168 162 2 9040 2285 44 526 265 96 631 97 597 632 5101 948 7585 
16 270 2 20 634 7367 92 6565 2767 21 14 3689 115 207 56 185 45 60 30 534 156 3950 231 88 195 24 6 5 18 461 36 848 385 291 4 722 2857 13 526 23 2746 2169 19 
17 6049 797 3923 138 968 2614 252 4607 199 731 8 940 184 69 329 1524 751 1352 665 285 1554 28 6378 879 4343 65 176 9 7 2296 19 102 62 346 14 637 549 8015 74 78 510 5404 3977 1270 4063 1591 2145 356 15 4167 583 61 21 339 96 9470 454 2981 273 63 5 390 44 5558 5278 23 536 11 30 20 1420 396 3306 3912 5893 210 5218 178 35 2342 2232 1801 238 2033 561 22 240 1030 1743 426 2 946 161 355 
18 138 4102 1604 120 356 7984 121 8 184 8703 1052 3410 3158 28 609 253 1756 6787 9 252 229 355 1256 27 7557 720 152 176 879 193 211 3751 2 2657 16 62 168 585 2207 55 60 79 13 14 1481 454 74 5 17 22 6256 1222 35 7 377 4098 628 1082 6 3813 678 18 2651 998 9076 221 88 469 608 148 
19 8 65 5 769 61 73 30 7 1506 228 146 55 1702 243 175 56 277 871 9 78 92 985 4820 23 538 35 15 778 5167 2577 22 5108 2088 14 267 4848 70 927 1985 45 82 268 28 3203 1524 517 271 16 1445 21 11 972 339 211 638 4226 1873 62 1414 72 19 8066 2604 1095 38 596 2 187 5850 37 121 
20 1290 2153 5526 2591 176 3198 120 709 3497 126 4171 1184 3172 148 252 7347 797 686 8454 8 184 655 549 27 3483 410 121 2659 3441 2930 69 7048 1052 1476 63 9519 624 107 4688 751 442 1638 193 5973 1005 155 4225 9 859 595 28 280 7081 6373 62 935 1168 158 4067 1412 152 7 19 331 632 37 131 102 1783 1771 301 907 332 243 114 7069 542 6362 206 166 2047 199 1522 14 561 784 4662 5329 805 78 4408 5514 3286 249 1768 482 843 135 15 187 2298 82 3533 299 1789 6767 3718 1027 123 487 57 778 647 636 1702 516 84 777 161 2150 198 585 9521 967 74 4919 88 962 9562 44 61 1611 30 2180 681 35 1225 1591 
21 2848 2264 1482 7242 176 5482 5554 5985 1089 797 69 252 199 6379 8 3199 120 1610 27 126 121 737 236 6115 1756 494 3880 850 2612 28 1554 1513 1131 9 65 148 4413 1667 940 5011 625 3398 2573 3262 107 268 342 280 583 7382 1888 5616 139 3455 4609 249 3884 37 7 5442 152 164 8243 1876 19 74 2106 4397 72 1524 14 15 598 331 63 131 78 3196 5 20 830 207 5515 79 175 747 451 102 1128 2316 2 3082 6848 38 335 61 3359 1350 84 17 147 6 7223 22 1222 238 409 1272 2526 398 218 469 389 2169 476 5661 977 4247 
22 1310 1290 9517 7624 583 138 2818 859 1173 977 2402 442 69 2045 468 148 3211 193 197 3379 126 355 356 166 316 8 155 63 650 236 28 6035 224 9 1930 3424 404 8955 184 2304 121 253 6404 72 7 731 164 303 37 2503 62 843 5110 389 7293 27 7508 229 57 102 9425 299 1770 301 198 1423 2198 8226 805 751 8677 476 480 280 513 157 107 4510 2768 285 114 684 187 342 78 161 4099 6288 2000 6747 2163 15 96 145 1805 782 19 14 5600 2190 3543 5 44 459 277 933 132 11 58 2218 552 74 1966 5565 881 1215 429 55 45 1194 273 41 103 1132 
23 138 126 1951 3700 252 1452 8 184 355 549 27 2198 482 28 7658 1597 107 4994 2579 1413 63 152 9 1506 139 65 3600 145 1152 7 2282 7918 7325 19 524 316 158 37 1981 3839 131 14 4864 8116 325 4336 611 4350 375 3284 2169 443 114 2142 5336 58 8802 135 1959 74 1967 909 197 15 6644 915 249 78 57 572 429 6684 187 5 9888 44 21 3706 35 11 3525 750 82 55 2768 343 70 1686 20 23 2205 2509 45 426 885 5902 422 1128 233 117 393 3676 
24 2060 138 708 1173 1572 725 977 6698 120 2614 900 8450 126 554 621 1334 8 184 6138 1412 3706 6347 27 6238 3483 69 5333 252 494 655 404 3046 940 426 236 139 482 148 28 8139 2444 290 65 2136 9 2168 145 9335 229 316 679 1195 5350 330 585 1321 961 671 62 1584 1429 542 193 1152 102 197 7373 303 1930 948 72 285 37 131 1793 74 1174 5643 3563 7086 164 7 14 451 1284 979 3455 3447 873 1184 1065 1153 7908 19 135 2187 114 243 1151 9947 1468 6335 8138 681 1862 1911 382 299 1134 2214 1119 1385 611 58 15 726 121 1972 253 82 1114 78 2692 117 747 21 3281 123 971 390 1256 8488 204 7387 5395 103 1454 990 1386 147 2956 57 769 8040 881 5 3089 646 914 155 
25 1174 166 389 7 14 9677 37 82 19 3747 72 3251 161 542 4724 27 21 8360 15 3964 9 595 4100 103 148 102 5 1048 44 1001 393 1478 57 280 390 1667 140 330 1307 594 409 240 6534 2709 70 952 267 2175 23 11 4429 1112 538 2582 309 157 3319 2420 9205 2191 28 45 1126 84 38 73 849 22 577 62 35 112 443 2 301 8489 
26 554 3110 138 797 5959 1077 1656 1951 199 6577 4090 1388 27 8 69 485 120 948 63 2889 3158 303 253 1850 197 5381 9 309 371 107 139 907 280 126 9542 979 7 72 166 1152 19 62 3194 9927 4807 342 501 1584 131 561 28 1667 4497 2296 1420 737 513 7315 1350 1027 6369 161 1395 187 4704 4813 4335 103 65 299 21 15 1352 74 2905 1332 14 9710 8465 637 585 329 725 5 249 2552 267 915 1736 403 23 7234 2073 70 9351 957 92 6137 871 3586 8152 2809 5041 3540 35 4219 4070 41 78 1098 824 665 145 1429 193 616 494 30 660 11 1330 84 454 184 355 
27 1954 2780 2889 176 138 482 69 8761 121 8 27 679 849 1395 1412 9 107 7753 28 1385 410 164 299 4962 815 2296 4403 4978 184 65 552 37 166 7 329 19 72 604 63 78 909 395 841 14 389 3582 1476 646 1117 300 135 2200 157 15 1732 2180 734 1004 1921 187 82 206 764 2837 343 6756 1718 429 626 21 5 277 2231 35 1491 117 967 30 1702 1529 1721 396 4610 409 11 196 4517 84 178 631 45 746 261 390 17 1604 
28 14 57 4425 21 37 619 96 3428 88 132 5 23 325 55 3631 861 11 74 300 2576 1008 44 321 103 6785 38 9 612 2360 30 978 857 121 178 881 82 1001 22 35 3398 7590 17 557 7971 83 2 697 16 4625 663 2965 5447 206 572 6 5909 1223 171 
29 5 84 1607 21 3141 11 391 57 496 2348 41 110 92 20 22 1442 977 212 274 19 5195 30 2099 17 2 2330 335 56 609 9 15 2477 1099 6 2251 54 5020 156 793 6359 7 115 55 35 74 8 455 3564 9763 448 23 3953 120 155 
30 5667 2 14 20 275 8427 5 16 2296 9 4797 8 1596 21 84 13 256 6 175 73 264 110 6450 23 3149 137 27 142 461 38 149 1274 80 446 56 78 747 61 330 170 70 443 716 3913 5350 37 54 258 1026 44 432 63 
31 138 583 482 199 252 69 2504 8 27 4397 1734 166 253 1052 7454 1065 6141 4487 28 63 621 9 6385 8707 3008 915 1320 126 609 280 1093 102 4818 1793 7218 1989 7 468 211 1911 14 19 249 37 776 867 797 117 1756 224 3543 881 596 74 15 2919 1914 58 61 1137 273 65 408 175 6572 62 549 2560 1352 424 84 1054 139 2191 97 356 17 1530 4361 8219 4336 5 531 82 2 8719 4061 30 6292 235 184 21 1772 96 2696 135 172 590 120 2992 624 402 1343 193 686 
32 5921 554 138 900 176 3849 709 3110 859 3992 968 1334 2486 4364 2402 148 1917 5051 2841 121 155 120 797 8 1315 184 655 197 1200 404 1583 63 166 5448 3160 309 27 4281 2076 5091 869 653 549 316 9 236 468 1506 909 28 3053 199 69 2825 1597 1799 268 426 4390 624 193 1387 728 2819 152 301 850 37 135 2526 107 1122 126 3398 7 552 114 2700 3489 1106 2659 1780 4157 3470 355 1151 102 1412 727 62 1604 332 8993 14 995 19 1783 253 632 782 625 684 451 7708 1725 3458 4460 164 1031 1627 4040 4589 65 824 6915 2185 7013 764 131 957 15 1750 161 609 999 2045 117 331 6379 1000 8492 6045 1771 139 5483 681 82 2978 123 44 5626 1862 663 735 5 61 5136 949 339 1702 2614 2334 21 1344 830 30 5615 1541 1558 2509 8988 
33 2848 3097 1954 176 554 6656 708 5150 126 1917 482 9933 69 1387 1384 3600 8751 138 8 199 1365 2274 751 356 120 5860 9896 4881 3514 2291 4820 4953 27 5754 309 1583 63 9572 1951 979 28 4510 995 65 609 164 243 9 6539 1413 3248 665 316 280 4172 3053 3639 3142 2717 7 2374 2116 659 599 612 74 5011 229 62 2348 102 7437 14 145 15 158 139 82 2849 1783 3119 443 107 37 1667 764 8853 131 2425 19 1900 990 21 30 1548 2521 501 1128 301 1114 1529 480 231 5 114 58 57 5973 487 1011 88 300 432 4040 252 299 4676 2492 395 11 3741 44 574 973 20 193 333 6086 2313 812 598 3498 61 
34 6604 138 2153 2955 1077 9894 120 909 621 148 252 482 121 442 126 329 8 1583 1283 751 224 164 3441 9 4895 899 152 285 1587 290 139 1106 7 27 28 850 19 4104 720 5850 14 74 665 3768 325 57 990 58 1612 2593 78 4417 7594 2823 8355 15 175 1521 114 54 1232 228 16 82 30 63 2 1275 3514 926 885 6756 444 1204 125 17 2196 4133 137 8643 1665 1627 817 3516 6 233 196 647 8076 1768 866 11 216 1344 3591 
35 277 38 2 118 763 15 4710 5 70 97 20 137 17 21 132 16 1883 11 9 7 444 675 1607 3983 5552 61 272 60 123 344 52 1494 2576 83 4410 653 159 90 23 119 198 6 13 4358 42 24 482 
36 5 2147 7 396 9246 1351 4984 30 14 3996 9 907 1151 20 8 1936 41 3317 1966 125 119 45 969 2979 1508 1404 17 3003 2 11 408 21 22 187 697 146 1117 61 88 2097 80 6 434 422 15 1528 406 149 2810 157 1096 4804 60 193 3563 
37 1737 3097 968 1482 176 155 1089 4347 2513 126 5862 69 919 2713 356 8 371 27 121 410 2073 2612 303 28 2444 6577 236 9 62 166 268 4864 776 7 19 395 2430 114 1256 8702 1343 1575 487 3412 57 2126 594 3222 5084 198 2292 6523 9346 58 14 102 15 65 1446 1921 74 2248 8044 204 653 587 82 21 30 2147 2941 5 44 63 88 4995 140 158 333 6755 2787 1891 38 4619 6762 455 240 1269 390 2688 175 2453 3869 734 45 54 118 20 496 3698 4310 
38 1765 42 26 399 6 0 71 5 25 11 50 853 507 73 21 9 55 2593 179 445 137 5447 3 44 22 212 2805 3926 96 2 31 3323 112 7 4507 
39 1671 5381 554 138 968 355 728 4768 120 5921 731 686 8 797 1171 27 468 1930 2383 1395 979 879 9 7104 878 139 632 176 9611 389 595 977 2889 65 3389 301 280 7 583 5634 2138 747 4302 19 37 62 102 14 69 166 2688 3182 1369 135 148 2523 114 439 28 184 8334 5895 2503 4388 204 6234 393 1251 5546 158 896 7048 161 267 21 646 750 356 1546 5 647 3983 3053 273 152 4089 56 339 3121 1520 6756 1292 598 910 613 365 421 207 245 2416 229 35 1298 11 615 231 803 5480 6058 193 74 107 742 57 836 
40 45 660 2 265 363 539 5326 5 5507 16 7 6 156 9 9203 1153 4314 42 24 1697 282 14 3915 700 83 35 60 167 501 26 1738 15 880 4 342 439 28 1503 114 22 13 17 6025 8 
41 554 900 1173 2076 1679 4142 121 4364 549 8 27 63 224 1408 1809 28 164 9039 371 197 9 4728 665 166 120 625 442 253 2504 329 1287 1756 2214 7 1575 2492 4525 268 37 14 41 5 1626 21 6265 3135 11 476 2 83 1262 54 112 3661 152 979 638 5277 20 45 4942 1174 97 7013 6 57 84 4241 5038 2533 118 382 496 16 5580 13 125 52 56 145 2270 137 611 117 62 204 3248 78 5659 6656 
42 1263 708 9517 968 138 155 2076 69 197 1495 1656 1643 236 8 27 121 126 63 482 253 1184 224 7360 6092 815 9 432 1132 252 4288 2385 1387 484 285 164 37 2659 2976 1369 7 7408 309 19 612 4537 1324 7672 102 148 131 720 356 3585 14 166 914 4568 1352 1771 935 329 408 928 57 198 1491 15 72 210 62 1001 8364 140 23 11 625 103 663 3135 5 21 7918 30 193 78 20 9749 35 110 119 38 800 388 65 9701 74 451 372 5982 146 2816 44 88 8654 8911 1494 184 1256 22 28 96 634 1017 665 3270 684 1321 176 
43 2 23 750 9478 55 446 17 79 4 2029 98 3231 1190 755 61 38 6 5 16 180 515 6258 324 24 117 477 12 475 21 26 1333 664 112 136 51 461 962 
44 19 9 135 7869 62 7 139 145 14 1476 72 8 78 1401 789 907 63 880 2577 901 1395 595 229 4551 303 61 4817 187 8541 211 27 4589 7211 117 4089 175 74 37 1878 102 1413 110 28 35 5 4801 339 3319 299 3065 255 4881 1753 30 65 15 56 2721 1236 6169 3246 1871 162 742 243 70 3240 2853 1933 1651 574 280 20 2 2762 686 2079 604 97 132 16 17 750 1591 151 120 
45 1502 554 7055 2818 138 859 1310 5661 6698 6459 176 1122 2513 69 1482 5990 671 3158 1714 193 7850 8 253 2216 126 236 120 4266 1954 139 2487 309 121 650 27 107 316 329 583 9 482 7584 1387 1881 442 229 1799 4226 867 131 595 243 1643 1597 7895 468 155 37 7 4919 1320 1395 19 5667 57 285 9832 1429 1506 487 145 2112 62 424 63 14 517 2169 28 604 72 2298 2973 206 880 2162 1673 15 152 330 135 2523 907 1078 961 737 211 4421 112 1000 332 2088 2120 7307 1351 58 1601 1113 1669 4130 44 8911 7548 2837 545 5616 647 1697 4724 5 102 1412 612 252 274 1436 6744 1450 255 56 11 1537 1803 23 984 114 9946 594 850 303 
46 1502 138 485 873 7854 5 15 44 444 38 2 7 11 107 9 339 2477 1522 5275 421 4819 884 88 22 83 1001 78 395 82 383 14 119 151 8 817 1019 680 6 487 21 45 414 9592 9338 97 20 23 13 60 422 3229 1137 28 62 2325 198 795 30 1746 
47 2264 138 583 1495 3106 5990 236 3514 5182 69 6930 2208 3483 253 27 4291 199 995 184 1200 468 8 1171 9054 4063 309 28 1799 193 303 139 9 120 3142 224 1506 3621 1434 3448 5910 229 2685 484 316 1437 37 1521 107 102 65 158 7 114 9768 8933 131 14 9732 1119 992 800 625 62 57 517 1762 78 3139 268 485 1689 19 15 72 2391 545 9081 96 536 6684 21 1612 871 301 88 140 1134 746 2709 659 339 981 614 58 1896 5 1613 928 5497 346 23 599 1088 2697 267 61 2403 1587 764 6514 1096 300 480 8015 735 880 245 63 3999 7354 
48 3684 176 138 1384 583 404 4247 120 2955 4799 69 1554 252 148 1510 3158 27 8 751 184 494 1809 2825 356 4497 28 164 199 9 389 1344 8334 5843 330 63 1312 7 1350 74 37 19 211 1575 4157 14 236 914 1593 841 2905 300 7569 348 198 325 3692 2920 103 878 15 545 96 5728 3561 274 30 1601 65 147 21 703 388 3825 5 249 2325 35 398 110 403 11 1023 2901 6227 117 55 2372 749 1260 632 119 3426 204 1078 2740 515 23 114 4618 461 310 410 2148 3767 554 
49 138 8450 2371 4613 3923 69 120 1604 8 899 1917 27 121 316 1122 4551 229 28 63 5895 184 9957 1065 7709 686 1440 148 566 1352 253 9 164 1799 107 72 7 19 114 14 476 37 914 9713 552 4164 646 638 57 131 123 158 1959 907 1452 15 5221 836 58 61 301 300 6059 331 7970 140 88 96 3190 7718 3839 6644 44 7537 3332 23 35 5158 310 2148 969 5 11 235 519 6137 8315 829 454 55 3126 3977 212 1186 82 8030 1506 3831 157 1260 2120 6962 388 3011 6986 
50 199 83 1080 2 70 16 23 184 5 2433 672 73 117 365 54 235 154 24 62 211 7 4242 1376 55 2627 5597 78 11 2227 56 7607 651 74 152 171 22 375 13 88 327 1231 9459 1091 17 1312 340 4 240 2033 900 
51 2818 9365 725 5501 977 3046 197 2826 121 27 8 5659 2148 63 3923 5603 28 9 1387 6877 5031 371 1225 665 7 1989 1826 78 1745 102 14 1159 1692 2420 268 72 329 187 2613 198 2500 1224 1491 74 3708 3824 4606 7694 19 426 3826 4946 117 611 1343 58 4433 155 510 9234 3586 15 21 749 61 30 4532 1602 2425 966 146 288 910 1417 5 23 196 519 70 1339 11 4705 45 383 1012 5534 55 299 1921 22 82 1001 8783 44 468 138 
52 1950 271 23 14 383 41 15 5 2 44 58 2275 16 1465 7 131 2442 476 102 20 27 70 4025 56 79 17 162 5175 45 6180 38 1469 62 123 6 1017 2886 96 18 30 593 1862 13 2152 255 1361 252 384 11 8 198 5069 21 126 6228 
53 138 968 1077 1434 1384 1495 176 404 900 1876 356 236 7712 252 2433 468 8 679 121 3102 184 6126 869 5150 243 6035 371 909 1408 27 69 653 309 9 1510 899 1171 873 1591 6092 1894 494 62 927 120 114 72 139 1958 19 2261 3358 566 6051 158 1571 1270 9551 37 7 1428 800 332 187 7862 2282 107 14 152 63 583 1183 166 1296 1721 524 74 4478 299 342 65 8660 2976 8309 199 161 15 4977 4525 348 325 3395 1704 7291 395 3038 117 1294 61 2538 28 103 21 82 3215 7986 662 1967 126 3032 131 84 2859 510 6655 5205 5 30 2218 914 301 9542 11 890 803 5773 1420 23 5038 6082 2094 1128 145 70 2430 132 625 879 155 
54 1734 8 1171 193 985 1506 9 38 23 2 86 178 284 97 4787 5522 145 57 2374 20 16 27 957 5 21 402 486 5033 35 1330 36 176 15 180 80 1867 11 265 218 112 687 28 4914 44 389 125 517 118 7 4 288 61 6 78 17 669 62 355 
55 1502 3244 6887 1263 1737 3774 1495 900 485 126 867 155 176 725 2112 468 1184 8 404 1270 1089 7293 1434 121 199 650 193 9 27 2651 5603 8094 410 957 28 4650 252 65 1151 4148 8147 662 443 72 6809 747 737 37 19 7 138 330 5664 63 4507 14 3008 681 731 57 229 187 9765 1691 880 1070 348 637 3477 166 2448 1667 62 117 1587 107 1546 15 1300 145 1223 6467 1137 78 102 2114 58 554 2592 135 211 6478 2692 84 103 5285 1894 7433 9294 204 1194 21 2577 5055 342 679 609 9037 120 110 131 377 4917 7707 146 2145 23 44 5 5882 70 6029 1478 516 6824 2313 2859 370 8099 1283 797 
56 3756 2264 1502 5276 485 1184 8402 1591 121 8 236 148 27 624 69 2371 731 9 2282 145 632 8702 62 7 2431 19 37 28 3057 135 1476 72 2943 1697 14 1194 595 7499 58 1840 805 2810 443 789 325 1613 112 3006 184 9915 825 4452 1600 388 3014 5566 878 3796 44 5 23 390 103 11 35 1629 5472 2451 21 2858 370 132 680 30 2044 146 391 88 1690 96 3631 20 587 707 178 8114 117 45 22 1581 
57 3975 1572 797 176 69 2780 3831 126 410 197 372 8 121 404 148 27 6979 63 3613 253 708 28 940 268 9 3807 316 65 7559 2683 224 6616 7 145 135 4618 566 7672 14 19 2134 389 62 480 37 7546 4859 650 5801 8672 82 117 102 2759 3884 484 4099 21 545 9311 8272 206 619 131 365 1334 2147 44 5 382 11 114 5724 231 782 30 339 38 35 20 321 659 1442 1497 4858 1168 9678 762 476 444 55 422 132 1877 6565 161 16 451 
58 280 27 9 720 28 1065 8 5838 63 72 7 662 1284 114 65 19 342 6188 880 3131 57 7279 4672 432 5 1149 35 70 396 146 30 1457 3773 510 74 55 745 1476 2249 429 1665 8430 370 38 6082 15 1534 175 73 300 624 20 161 5312 178 550 45 513 6005 274 434 1132 4667 22 171 503 4478 2177 14 21 1981 881 7460 1307 1023 655 78 121 
59 11 8146 702 216 2980 57 305 23 123 55 22 41 61 35 204 2 80 16 6246 9 536 5 1566 125 38 8969 871 1966 1277 83 189 4646 2104 327 535 1187 6 2948 117 434 902 15 56 167 3908 79 684 
60 14 65 878 58 4373 1807 1723 4021 1161 1321 15 4837 123 103 9271 110 5225 16 2065 23 8 13 422 19 52 7 274 61 9 2 3180 6135 5 451 656 2017 20 21 6 201 3456 132 577 62 666 3400 5269 11 8965 3839 4565 390 526 495 298 1988 232 27 243 6577 
61 1227 5 978 21 30 20 7 110 45 216 2961 221 24 162 18 1218 9 448 44 5431 60 196 227 17 38 429 13 277 53 15 374 11 351 2609 2 4 96 106 84 2739 41 8 355 
62 7624 1310 138 583 2076 155 176 919 120 9502 69 356 404 8734 236 1173 199 197 126 2616 27 8 6379 1610 148 2521 303 3428 1826 107 164 679 650 6668 9 28 662 139 1183 65 4413 5295 3270 7966 495 62 7454 2196 5887 1106 907 1122 1070 389 72 625 309 382 14 135 7 4982 3052 37 102 5876 1881 2106 301 325 2858 158 332 63 2785 348 4089 3363 19 57 442 5626 5634 2292 552 1117 1283 1225 1132 117 58 15 5395 1771 1221 2116 443 1187 849 3870 587 9634 454 78 3927 4606 74 439 5284 5773 1169 5 5406 112 45 545 157 20 13 3443 82 38 2298 5432 2 703 4532 484 
63 138 900 155 968 709 2371 1554 8402 184 1283 148 8 468 120 27 3248 63 1052 285 1495 4497 3412 28 9 164 4364 907 329 2359 135 65 131 2158 1745 2683 7 5448 2849 432 37 14 57 487 638 19 139 1256 145 3642 6481 1303 583 330 395 102 1223 78 1236 7892 3008 117 4880 5779 15 3222 727 1019 8355 715 21 74 84 8947 3423 8543 206 5 1104 1967 660 58 1779 4605 424 3100 3 399 0 506 2 6 809 409 298 372 8897 
64 1737 9305 621 120 126 5091 69 356 1283 671 8 166 229 6769 63 193 1236 27 28 9584 2705 9 1384 299 7837 4291 3211 1745 494 152 1930 107 72 7 3032 102 342 2126 19 829 451 348 2145 11 206 477 238 54 183 4838 6 12 14 4 2507 48 8512 5055 415 631 0 51 234 38 9424 26 2967 251 5 58 5253 290 
65 7287 60 5 7 2 144 30 3654 17 3056 993 1863 70 2706 2143 3175 72 8518 1017 36 7313 38 9 1257 589 13 58 79 106 84 123 779 3858 56 908 21 1956 24 6 377 4157 126 482 
66 3477 138 218 18 404 58 2 13 122 6 4482 23 55 2491 35 14 1087 5834 21 845 1271 866 102 1793 90 110 252 457 5 24 30 17 1979 567 636 26 485 4 38 288 53 3041 3257 82 56 7674 199 
67 1290 3975 1263 3389 138 155 3767 1679 120 468 126 482 2148 404 4023 1495 69 27 9886 2700 1225 229 8 139 2478 1881 1387 28 7537 708 2713 63 4977 199 9 899 3467 152 1434 671 4178 121 131 65 7 62 815 193 19 8080 7687 637 14 2291 299 4510 650 1734 3266 37 285 224 78 552 5313 375 432 135 2976 487 184 57 72 1506 8215 157 249 15 890 3420 681 511 574 1270 7915 2132 6147 4554 1521 21 4885 5751 2348 1287 3293 1365 5860 158 7275 2791 2707 2431 82 7033 1052 309 147 513 3033 3769 519 5 114 2608 3517 300 524 3348 38 742 2627 408 503 1809 61 103 2960 102 206 2654 709 3692 240 1137 3302 372 
68 554 1888 155 4347 69 725 197 236 199 356 6163 3591 27 426 1734 8466 5350 28 8 372 9 653 243 5286 404 896 229 1395 5582 63 899 84 3160 1491 19 393 11 5 887 15 2090 23 35 17 5848 7 7303 16 228 459 20 62 299 74 2 184 41 6 22 45 58 102 7607 9710 249 5999 132 55 279 18 1593 21 6094 65 37 193 13 14 612 496 157 78 216 166 342 410 
69 63 224 3520 69 28 356 2238 2112 6767 9 751 583 8 782 3204 107 2448 62 27 1522 1005 6452 542 166 243 7 1593 566 199 121 37 1119 145 57 72 501 3853 1468 14 671 19 58 4834 3299 9665 152 388 2919 426 126 1446 15 6543 211 309 102 3561 82 824 971 21 762 5 1883 3369 240 907 1628 11 139 4301 74 2359 1732 1961 778 119 4388 187 245 3266 1061 35 73 1294 335 30 7816 1757 117 3242 659 371 55 387 44 6169 4436 2744 572 850 
70 11 18 6 28 16 7971 2 270 3293 132 45 106 17 42 86 3903 55 817 1932 15 7 4 1706 13 509 3017 5 840 136 51 3201 9199 97 122 1445 53 5942 155 
71 2591 1671 968 138 404 859 1495 2513 1384 4656 252 3684 197 442 2291 120 919 355 4148 329 69 8 290 27 184 1766 3424 121 243 2700 309 148 6018 655 728 236 229 139 5295 9 1506 727 164 268 28 709 2212 7086 330 9957 37 131 158 1721 7 609 2684 199 962 114 19 480 249 72 62 4881 2304 443 2240 63 484 8334 549 102 8019 426 1151 1272 1090 1697 624 6668 451 331 301 2168 14 15 4131 2492 561 663 881 4044 1401 6005 7600 84 439 74 61 21 196 715 57 110 4632 1155 1599 3082 204 1522 5 44 231 523 612 5447 2000 1568 147 11 82 1841 92 65 2238 8992 
72 11 19 14 9359 171 785 5 1215 20 377 57 23 22 1428 110 70 1758 2262 1483 1988 17 210 231 103 15 112 2 1019 21 2052 778 946 6 327 8184 54 9613 8629 55 79 3016 13 73 30 409 60 7797 18 41 8 9 
73 58 21 9 110 7798 211 6188 15 7 6735 4726 1386 30 2249 3824 5 971 1106 37 28 990 1494 1558 8 496 646 2869 1611 27 6589 11 103 4524 8438 23 19 9794 333 14 1571 158 443 5627 325 1251 2171 70 178 35 1472 62 1277 300 1723 44 515 117 88 574 4923 1307 3357 20 6045 2480 57 1287 41 1442 6518 131 2148 909 120 
74 621 5526 968 155 1583 126 184 2112 914 148 468 9543 121 199 120 8 1610 948 63 27 253 1917 2274 2385 6097 372 9 145 625 28 8938 4514 612 992 410 1332 252 37 659 3759 62 3502 19 107 7 102 65 1447 14 4597 841 224 1401 517 2048 187 58 131 316 2967 1428 117 2735 7774 61 707 15 8365 715 4801 78 21 114 196 1979 268 4429 825 8241 82 1754 44 288 5 1210 8875 2427 9360 9246 198 22 35 377 41 55 5484 3943 56 671 16 2238 7594 1184 
75 1671 1482 6165 873 155 977 69 2177 6290 679 11 23 147 249 14 24 2 3478 56 557 159 4 2787 6 4342 1000 1370 6702 45 35 140 16 6284 8295 19 8 40 1123 436 489 4225 4630 61 3025 106 5 2849 2500 304 112 44 410 9301 2707 3455 212 8704 9 3444 15 8271 
76 2060 867 900 869 155 3992 8095 6402 121 8 549 27 184 3279 236 4364 372 3182 148 28 63 6288 126 2168 9 389 107 145 1344 3408 681 152 542 114 7 484 164 552 2717 14 166 1388 3060 131 19 495 8635 3069 332 103 37 74 4741 659 78 2504 517 371 4221 511 2844 61 112 285 21 157 6174 62 30 6392 15 5 646 2684 455 325 4878 117 301 2708 35 880 146 382 5124 11 9317 7559 9351 999 563 1005 44 482 331 245 88 57 204 6178 65 199 1194 2196 305 3357 5805 45 23 662 2208 
77 331 6745 135 2258 301 37 14 114 501 57 2533 7 9 720 62 161 330 776 1549 8733 2378 273 604 21 58 715 5872 647 123 103 117 513 4959 1638 3603 1251 11 1258 15 8241 1352 112 207 5 183 7342 6961 2265 20 102 204 289 82 3293 19 1300 4098 44 1577 22 2 16 651 8332 7792 403 84 271 343 148 
78 7 2164 8955 17 2 2190 56 6001 429 63 5 1702 249 2922 58 6131 365 21 6 55 1988 2285 183 361 9 119 11 30 37 763 20 28 16 694 275 114 83 4277 2852 207 158 310 245 3243 97 976 65 2653 54 35 8688 195 4443 7162 95 57 197 2175 
79 17 1000 2 6630 15 238 151 289 30 6 11 118 9 5791 65 1100 21 417 1097 5 195 3243 231 38 119 35 1754 4974 23 167 13 54 140 159 1136 807 2182 87 277 170 103 90 1313 3715 2616 
80 2060 968 686 6337 69 404 197 184 8 3923 176 224 6126 8454 6057 609 1572 2198 309 426 5209 1256 252 9 28 3166 382 919 3826 37 782 665 7 5124 65 72 57 596 3708 1339 2063 126 74 14 249 1012 2812 280 4950 5 23 899 27 114 11 82 131 155 7575 15 3598 45 58 20 61 574 4320 103 55 1232 515 641 2240 1274 300 2 497 97 240 206 2634 2836 21 132 298 5797 534 422 56 138 4178 3106 
81 138 554 155 120 7234 148 8 27 69 329 8094 316 8992 28 65 737 9 1564 152 372 662 268 3441 131 9039 37 7081 7 211 19 62 3199 102 8243 1183 193 1575 5296 1401 2138 2143 5516 210 1387 38 45 3345 2 17 11 3858 22 80 57 5 23 2820 2088 672 2668 1707 15 14 6951 95 2423 3044 20 231 54 83 146 5931 638 789 6 90 16 13 982 596 63 126 
82 1671 3097 138 155 6656 355 120 3457 252 126 7677 8 725 121 494 1734 63 229 253 139 27 999 907 65 9 426 28 484 3142 37 2717 166 7 432 1937 14 199 69 7253 74 2047 62 3471 19 662 61 131 1606 3332 58 7975 3493 82 8643 309 5472 161 15 339 4018 21 496 110 684 78 30 102 231 8342 3631 3205 147 1325 5 1628 96 451 1530 524 146 3624 72 38 2 11 536 16 335 9722 56 2908 115 271 235 1135 
83 3244 1482 859 155 968 2780 126 11 84 7 1628 37 9017 5 45 183 6913 110 485 30 3689 20 55 119 8901 342 1843 97 900 228 552 5390 335 54 117 2 941 454 235 22 1623 212 118 9464 587 2052 86 4791 15 6 319 3995 1073 387 9 17 18 132 58 65 614 
84 138 6049 176 621 5276 468 9047 4266 2701 5725 914 8 940 482 27 4432 9 28 1826 1131 5031 2871 4210 3008 915 145 1707 7 1327 229 1447 7959 824 72 442 382 37 410 595 3424 5268 1506 131 332 135 78 4291 599 1541 735 2 305 30 178 65 159 1369 363 2169 16 19 62 1771 41 18 20 1372 5 273 3140 1725 38 9467 4096 1483 321 58 14 3069 391 63 15 1414 61 4623 1942 5490 117 106 789 290 
85 11 615 7 56 2730 35 574 409 73 5 3319 216 19 1398 30 20 23 44 403 762 84 970 2397 2 238 95 1393 22 6 4606 115 3224 90 8 417 135 183 83 951 2052 1292 938 219 1001 28 2432 8360 122 330 17 9030 
86 485 199 27 8 968 7584 28 1734 164 5350 9514 152 782 2019 72 6087 1896 372 8978 5773 7 121 62 9 1757 19 4618 3137 131 14 206 348 538 726 1601 37 596 145 636 625 57 102 3526 4537 267 15 424 21 157 112 96 545 161 30 500 268 841 240 277 5 4962 44 2377 8790 58 23 484 4281 238 11 110 532 178 4122 3024 436 9657 2941 35 943 74 4048 594 1020 126 146 187 1340 1847 1376 
87 74 1884 110 1137 30 717 9 442 5 552 1847 7 2288 107 37 11 632 299 615 3069 231 4048 5561 6134 23 288 97 15 2428 611 789 21 35 742 61 935 38 3652 2849 82 8 41 2 14 5046 1227 96 6 2268 17 1368 16 422 5469 3045 756 159 22 1412 377 2556 
88 1263 869 7117 1583 1958 120 4841 1591 355 155 69 4500 8 914 27 5546 7727 5668 356 9593 9 63 290 957 5778 2316 329 316 211 1571 1468 7777 37 164 19 7 6831 166 928 879 659 193 510 595 1627 14 135 9957 117 57 131 121 1395 907 3879 829 15 1027 21 74 161 715 78 126 375 803 480 7734 7481 300 277 5 147 72 388 1017 2372 777 1223 611 145 273 538 549 58 38 497 132 1275 152 45 178 92 9208 2475 3704 1673 3561 216 972 245 3400 1161 
89 5 11 61 5175 3983 15 1121 206 2 1861 79 210 245 733 7 21 997 16 1431 119 233 1172 35 125 30 6 2533 2480 476 139 218 8244 410 13 694 2886 60 96 98 4971 140 2503 1008 3470 44 669 227 156 545 135 121 
90 4171 155 554 2899 1384 3457 9054 120 8 655 229 28 410 139 679 27 309 4829 9 720 1452 107 4329 158 896 7 102 330 3977 6160 1110 3299 331 145 1189 19 14 2212 2169 290 72 2322 1704 198 424 65 1223 15 510 37 751 157 8381 1808 21 7707 9358 8461 382 4479 3022 30 5 110 5905 140 146 11 1447 23 238 1242 2977 92 7245 288 449 9299 2074 2207 1068 2736 1260 2919 196 7671 2020 2552 3203 159 135 9824 
91 3244 138 869 176 4171 120 948 126 5659 184 8 193 253 199 27 426 139 1437 9 2371 145 28 164 2685 389 2741 1287 2871 1016 1691 15 103 19 112 2972 439 1221 2492 74 1629 267 84 135 7 61 1155 30 72 2020 739 5850 2282 825 2654 585 5 9127 901 7315 8438 14 228 1119 647 843 330 4370 210 1227 387 11 3003 983 4581 55 114 534 655 140 4289 70 970 65 183 501 881 1452 78 4962 22 1298 21 119 7167 63 
92 3097 1334 1958 176 9138 583 120 121 356 549 69 1714 8 252 199 27 1434 253 1065 585 2067 9 28 3676 442 7776 65 8801 7 37 268 145 72 1106 14 3299 355 907 659 57 7373 62 6166 2572 1862 346 7977 19 74 715 290 15 8948 815 2385 21 30 1549 971 147 679 5329 5 4221 316 161 2360 735 20 299 408 73 2371 206 38 9906 58 255 41 1456 881 97 112 1073 125 2840 22 7924 2 210 70 54 903 23 
93 19 7 3532 372 11 2739 2 15 23 406 970 38 16 37 2844 1862 513 79 5 3730 56 4568 2419 2114 6 8 119 3406 1093 3025 152 114 1080 2067 96 4156 28 4273 87 446 589 669 2492 4040 195 5361 84 145 36 14 249 353 3201 164 1436 9 841 131 
94 16 2 6 23 20 18 19 44 145 15 4857 946 152 13 282 146 189 2882 812 264 218 272 374 7 414 2329 156 975 9 60 22 45 21 757 5 2601 225 5603 1150 1360 123 432 232 63 8 2120 404 
95 58 267 14 487 1112 929 7 65 513 82 2240 44 715 5 196 594 140 28 129 240 1336 2 9493 24 19 13 16 3860 15 670 1339 25 0 8401 2460 62 3646 3404 160 6 29 26 2185 50 193 8 27 356 915 725 
96 424 5 37 21 11 23 189 2 22 96 178 1805 4088 504 628 7 1417 510 30 82 15 219 35 38 517 19 152 107 1186 1489 9 3315 65 6376 164 110 966 346 446 7306 16 13 58 83 4849 36 358 18 268 14 55 830 2650 1012 
97 5381 138 6102 5276 4142 4301 9691 120 126 69 1434 8 9630 4266 1200 6379 27 285 2653 3441 28 426 9 624 148 1881 1868 197 249 815 7 329 14 1095 102 131 2492 65 78 158 72 62 61 3397 63 5712 6062 19 707 6361 585 3231 15 1807 140 114 1258 1112 1478 735 96 187 21 267 198 519 7176 44 3769 5029 5 103 57 132 2573 273 5582 436 983 11 212 403 23 596 70 3782 1548 1454 178 20 92 45 2508 1301 82 523 303 
98 3097 120 2148 236 410 69 8 5394 27 797 915 2039 927 2478 7347 229 139 63 9 7753 121 6201 1736 5350 7173 72 285 62 7 249 114 224 19 28 14 329 1161 5084 65 4157 58 198 157 4040 175 303 6628 82 117 2008 1450 2246 5 1207 9155 15 23 1006 707 5130 377 44 145 56 1275 35 3065 7022 20 55 3517 11 41 8349 110 434 7691 235 17 2 1487 38 3564 6932 21 147 9782 1319 
99 138 3110 155 1334 303 199 7234 69 2478 686 708 1954 6402 549 8 27 120 1756 193 3849 5851 9 28 485 65 166 4258 63 316 355 37 7 637 4869 3057 747 19 14 62 8270 1541 107 1070 9447 599 249 139 609 4226 57 410 371 117 224 611 1702 15 309 8044 135 1437 61 161 3182 389 1274 2163 21 2918 145 175 103 253 299 96 5 510 44 933 3109 310 5160 1966 3304 23 158 715 11 178 7959 301 35 1648 97 409 739 1153 41 1550 2293 496 240 5313 198 187 38 20 829 5936 1132 
